{
  "0": [{"cam_R_m2c": [0.43044522404670715, -0.8984167575836182, -0.08697254210710526, -0.003898818511515856, 0.09450443834066391, -0.995516836643219, 0.9026082754135132, 0.4288545846939087, 0.03717620298266411], "cam_t_m2c": [-974.8310546875, 405.8409118652344, 12407.138671875], "obj_id": 1}, {"cam_R_m2c": [0.006225057877600193, 0.1392565220594406, 0.9902369379997253, 0.9783510565757751, 0.20399923622608185, -0.03483881428837776, -0.20685921609401703, 0.9690160751342773, -0.1349719613790512], "cam_t_m2c": [-1558.8245849609375, 440.16375732421875, 10908.98828125], "obj_id": 2}, {"cam_R_m2c": [0.994147539138794, -0.049238454550504684, -0.09615723043680191, 0.03074577823281288, 0.9822397232055664, -0.18509401381015778, 0.10356319695711136, 0.18105433881282806, 0.9780051112174988], "cam_t_m2c": [-2647.755859375, 71.27445983886719, 9378.8359375], "obj_id": 3}, {"cam_R_m2c": [-0.47372379899024963, 0.6863235831260681, -0.5518565773963928, 0.8413333296775818, 0.16749340295791626, -0.5139106512069702, -0.2602766752243042, -0.7077470421791077, -0.6567725539207458], "cam_t_m2c": [649.9984130859375, 500.50164794921875, 11531.814453125], "obj_id": 4}, {"cam_R_m2c": [0.425407350063324, 0.9049361944198608, 0.010913609527051449, 0.18608935177326202, -0.07566571235656738, -0.9796149730682373, -0.8856632113456726, 0.4187663197517395, -0.20058773458003998], "cam_t_m2c": [89.60877227783203, -322.9505920410156, 9776.64453125], "obj_id": 5}, {"cam_R_m2c": [-0.23455314338207245, -0.8468180298805237, 0.4773719310760498, -0.9663329124450684, 0.14968401193618774, -0.209273561835289, 0.10576169937849045, -0.5103859901428223, -0.8534169793128967], "cam_t_m2c": [-1017.9064331054688, -205.5593719482422, 8470.857421875], "obj_id": 6}],
  "1": [{"cam_R_m2c": [-0.23176974058151245, -0.9724428653717041, 0.025254549458622932, -0.7547920346260071, 0.1633966714143753, -0.6352878212928772, 0.6136545538902283, -0.1663023680448532, -0.7718625664710999], "cam_t_m2c": [-2304.58203125, -858.0210571289062, 10928.455078125], "obj_id": 1}, {"cam_R_m2c": [0.020528310909867287, -0.5221487879753113, 0.8526073694229126, 0.7654616832733154, -0.5403807163238525, -0.3493668735027313, 0.6431540250778198, 0.6598101258277893, 0.3885917365550995], "cam_t_m2c": [-1822.4483642578125, 358.5816345214844, 9993.5166015625], "obj_id": 2}, {"cam_R_m2c": [0.698853611946106, -0.2652847468852997, -0.6642496585845947, -0.4597398042678833, 0.5448324680328369, -0.7012823224067688, 0.5479443073272705, 0.7954757213592529, 0.25879618525505066], "cam_t_m2c": [-1663.13623046875, 1543.3568115234375, 8498.8115234375], "obj_id": 3}, {"cam_R_m2c": [-0.3005327582359314, 0.9527330994606018, 0.04449429735541344, 0.9100691676139832, 0.2724902927875519, 0.3122871220111847, 0.2854020297527313, 0.1343453824520111, -0.9489452838897705], "cam_t_m2c": [-514.3616943359375, -917.38330078125, 11383.220703125], "obj_id": 4}, {"cam_R_m2c": [0.8604748249053955, 0.44527295231819153, 0.24761882424354553, 0.5061954855918884, -0.6919424533843994, -0.5147637724876404, -0.05787240341305733, 0.568284809589386, -0.8207941651344299], "cam_t_m2c": [246.31979370117188, -105.70877075195312, 9699.3916015625], "obj_id": 5}, {"cam_R_m2c": [-0.1349087655544281, -0.35173025727272034, 0.9263290166854858, -0.598375141620636, 0.7740750908851624, 0.20677271485328674, -0.7897763848304749, -0.5263968110084534, -0.3148961663246155], "cam_t_m2c": [194.52085876464844, 1260.85595703125, 8662.439453125], "obj_id": 6}],
  "2": [{"cam_R_m2c": [0.14494222402572632, 0.9893881678581238, -0.010144631378352642, -0.7970491051673889, 0.1106778234243393, -0.5936861634254456, -0.5862632393836975, 0.09413599967956543, 0.8046327233314514], "cam_t_m2c": [2182.015869140625, -1044.2086181640625, 8971.5224609375], "obj_id": 1}, {"cam_R_m2c": [-0.019090065732598305, 0.4436115324497223, -0.8960158824920654, 0.7326359748840332, -0.6036226153373718, -0.3144587278366089, -0.6803529262542725, -0.6624564528465271, -0.3134825825691223], "cam_t_m2c": [1836.600341796875, 244.57876586914062, 9869.51953125], "obj_id": 2}, {"cam_R_m2c": [-0.7601592540740967, 0.2422979325056076, 0.6028680801391602, -0.4418860077857971, 0.4874436557292938, -0.7530840039253235, -0.47633489966392517, -0.8388625979423523, -0.2634667754173279], "cam_t_m2c": [1848.76904296875, 1509.17041015625, 11306.138671875], "obj_id": 3}, {"cam_R_m2c": [0.3334096670150757, -0.9420028924942017, 0.038321319967508316, 0.8744750022888184, 0.3241877257823944, 0.3608265221118927, -0.35232293605804443, -0.0867920070886612, 0.9318453073501587], "cam_t_m2c": [364.7040710449219, -1014.6004028320312, 8637.2685546875], "obj_id": 4}, {"cam_R_m2c": [-0.8233709335327148, -0.5226097702980042, -0.22122228145599365, 0.56089848279953, -0.6901101469993591, -0.4573192298412323, 0.08633176982402802, -0.5006266236305237, 0.8613476753234863], "cam_t_m2c": [-231.16249084472656, -75.26433563232422, 10321.1103515625], "obj_id": 5}, {"cam_R_m2c": [0.1527542769908905, 0.4314270615577698, -0.8891214728355408, -0.5659550428390503, 0.7757301330566406, 0.27917322516441345, 0.8101612329483032, 0.4605577886104584, 0.3626643717288971], "cam_t_m2c": [-29.079286575317383, 1334.8765869140625, 11278.25], "obj_id": 6}],
  "3": [{"cam_R_m2c": [0.959209680557251, 0.23257581889629364, -0.1607023924589157, -0.17799687385559082, 0.05524909123778343, -0.98247891664505, -0.2196221500635147, 0.9710078239440918, 0.09439322352409363], "cam_t_m2c": [2169.689208984375, 21.503387451171875, 11483.681640625], "obj_id": 1}, {"cam_R_m2c": [-0.022773783653974533, 0.9965295195579529, 0.08006403595209122, 0.9983214139938354, 0.026934146881103516, -0.05127205327153206, -0.053250569850206375, 0.0787619799375534, -0.9954701066017151], "cam_t_m2c": [610.9835205078125, 339.0251159667969, 11720.9599609375], "obj_id": 2}, {"cam_R_m2c": [0.3214928209781647, 0.3380586504936218, 0.8845105171203613, -0.028281336650252342, 0.9371112585067749, -0.3478831946849823, -0.946489691734314, 0.08682683855295181, 0.3108352720737457], "cam_t_m2c": [-1160.3228759765625, 285.9468688964844, 12444.0595703125], "obj_id": 3}, {"cam_R_m2c": [-0.203037828207016, -0.49971356987953186, -0.8420582413673401, 0.8923501372337341, 0.25959405303001404, -0.36921849846839905, 0.4030968248844147, -0.8263760209083557, 0.3932119905948639], "cam_t_m2c": [1700.7086181640625, 200.20748901367188, 9705.1015625], "obj_id": 4}, {"cam_R_m2c": [-0.7239777445793152, 0.5855432748794556, -0.3646858334541321, 0.31940650939941406, -0.18403427302837372, -0.9295758008956909, -0.6114214062690735, -0.7894749641418457, -0.05378983914852142], "cam_t_m2c": [-252.3519744873047, -282.6847839355469, 9863.541015625], "obj_id": 5}, {"cam_R_m2c": [-0.12184926867485046, -0.6476011872291565, -0.7521737813949585, -0.9596389532089233, 0.270391047000885, -0.07734143733978271, 0.2534674406051636, 0.7123912572860718, -0.6544103026390076], "cam_t_m2c": [-1725.751220703125, 104.56460571289062, 10653.8466796875], "obj_id": 6}],
  "4": [{"cam_R_m2c": [-0.46360859274864197, 0.8812097311019897, 0.09239311516284943, -0.2912208139896393, -0.05306356027722359, -0.9551830887794495, -0.8368138670921326, -0.4697378873825073, 0.28122735023498535], "cam_t_m2c": [882.0067138671875, -393.90887451171875, 7555.369140625], "obj_id": 1}, {"cam_R_m2c": [-0.005287636537104845, -0.17652499675750732, -0.9842820763587952, 0.9929807186126709, -0.11723227053880692, 0.015690647065639496, -0.11815925687551498, -0.9772900342941284, 0.17590561509132385], "cam_t_m2c": [1520.9459228515625, 116.53965759277344, 8940.24609375], "obj_id": 2}, {"cam_R_m2c": [-0.9974943995475769, 0.035713519901037216, 0.06106947734951973, 0.0012219413183629513, 0.8717955350875854, -0.4898684024810791, -0.07073502242565155, -0.4885663688182831, -0.8696548342704773], "cam_t_m2c": [2668.429931640625, 252.69064331054688, 10466.01171875], "obj_id": 3}, {"cam_R_m2c": [0.4772460460662842, -0.6607236266136169, 0.5793794393539429, 0.877787172794342, 0.3895966410636902, -0.27875474095344543, -0.041544441133737564, 0.6416063904762268, 0.7659081220626831], "cam_t_m2c": [-709.8329467773438, -14.4114408493042, 8414.0029296875], "obj_id": 4}, {"cam_R_m2c": [-0.39351871609687805, -0.9193108081817627, 0.003290811087936163, 0.4629334807395935, -0.20125271379947662, -0.8632439374923706, 0.7942516803741455, -0.33817917108535767, 0.5047763586044312], "cam_t_m2c": [-79.02977752685547, -233.6318817138672, 10318.41015625], "obj_id": 5}, {"cam_R_m2c": [0.23712196946144104, 0.8641240000724792, -0.44391772150993347, -0.9503658413887024, 0.3010843098163605, 0.07844147831201553, 0.20143985748291016, 0.4032840132713318, 0.8926275968551636], "cam_t_m2c": [1075.346435546875, 290.8877868652344, 11475.01953125], "obj_id": 6}],
  "5": [{"cam_R_m2c": [0.8302876353263855, 0.5409690737724304, -0.13407078385353088, -0.4796891212463379, 0.5711528658866882, -0.6660951375961304, -0.2837619185447693, 0.6173628568649292, 0.7337181568145752], "cam_t_m2c": [2538.04150390625, 424.58929443359375, 10536.0947265625], "obj_id": 1}, {"cam_R_m2c": [-0.025282857939600945, 0.9668922424316406, -0.2539297342300415, 0.7432901263237, -0.15167653560638428, -0.6515474915504456, -0.6684913635253906, -0.2052164077758789, -0.7148466110229492], "cam_t_m2c": [1149.72021484375, 1154.47900390625, 10891.7763671875], "obj_id": 2}, {"cam_R_m2c": [-0.009578531607985497, 0.36068281531333923, 0.9326394200325012, -0.6577414274215698, 0.700239896774292, -0.27756136655807495, -0.7531830072402954, -0.616094172000885, 0.23052871227264404], "cam_t_m2c": [-283.9147644042969, 1935.3946533203125, 11890.814453125], "obj_id": 3}, {"cam_R_m2c": [-0.04615504667162895, -0.7409681677818298, -0.6699521541595459, 0.9737204909324646, -0.18310387432575226, 0.13543060421943665, -0.22302059829235077, -0.646095335483551, 0.729947030544281], "cam_t_m2c": [1510.466552734375, -396.21051025390625, 9237.7880859375], "obj_id": 4}, {"cam_R_m2c": [-0.880802571773529, 0.28933364152908325, -0.37479740381240845, 0.0407685749232769, -0.7422901391983032, -0.6688374280929565, -0.4717255234718323, -0.6043936014175415, 0.6420150995254517], "cam_t_m2c": [-287.14154052734375, -243.9493865966797, 10142.3076171875], "obj_id": 5}, {"cam_R_m2c": [-0.044547561556100845, -0.3721684515476227, -0.9270955920219421, -0.5620563626289368, 0.7765461802482605, -0.284725546836853, 0.8258984088897705, 0.5083961486816406, -0.24377289414405823], "cam_t_m2c": [-1411.334228515625, 851.1337280273438, 10836.8818359375], "obj_id": 6}],
  "6": [{"cam_R_m2c": [0.3279702365398407, 0.9437475800514221, -0.042142391204833984, -0.4983351230621338, 0.13493813574314117, -0.8564192056655884, -0.8025569319725037, 0.3018810451030731, 0.5145582556724548], "cam_t_m2c": [2421.103515625, -413.424072265625, 9063.697265625], "obj_id": 1}, {"cam_R_m2c": [-0.02195928618311882, 0.6061176061630249, -0.7950719594955444, 0.9345338940620422, -0.27009832859039307, -0.23171856999397278, -0.3551962375640869, -0.7481099367141724, -0.5605063438415527], "cam_t_m2c": [1788.6356201171875, 403.78564453125, 10296.1083984375], "obj_id": 2}, {"cam_R_m2c": [-0.6225224733352661, 0.2887651324272156, 0.7273793816566467, -0.2769448459148407, 0.7880098819732666, -0.5498563647270203, -0.7319614887237549, -0.5437418222427368, -0.41058188676834106], "cam_t_m2c": [1436.421875, 1016.7765502929688, 12074.7041015625], "obj_id": 3}, {"cam_R_m2c": [0.26032158732414246, -0.9556133151054382, -0.13797111809253693, 0.9637261629104614, 0.265882283449173, -0.023207087069749832, 0.058861080557107925, -0.1269250512123108, 0.9901643395423889], "cam_t_m2c": [679.055908203125, -384.87957763671875, 8447.515625], "obj_id": 4}, {"cam_R_m2c": [-0.8941614031791687, -0.35323452949523926, -0.2751379609107971, 0.42557063698768616, -0.4795002341270447, -0.7674433588981628, 0.13915878534317017, -0.8033087849617004, 0.5790767073631287], "cam_t_m2c": [-261.1054992675781, -208.845947265625, 10224.5478515625], "obj_id": 5}, {"cam_R_m2c": [0.1133568212389946, 0.2579275071620941, -0.9594914317131042, -0.8216176629066467, 0.5673365592956543, 0.05544152110815048, 0.5586544871330261, 0.782050371170044, 0.2762291729450226], "cam_t_m2c": [-380.2295227050781, 735.659423828125, 11652.5419921875], "obj_id": 6}],
  "7": [{"cam_R_m2c": [-0.7767422795295715, -0.6175367832183838, 0.1237732395529747, 0.038740258663892746, -0.24299581348896027, -0.9692534804344177, 0.6286260485649109, -0.7480651140213013, 0.21266859769821167], "cam_t_m2c": [-2590.926513671875, -182.4442901611328, 9596.095703125], "obj_id": 1}, {"cam_R_m2c": [0.025480041280388832, -0.9387628436088562, 0.3436206579208374, 0.9451687335968018, 0.13457395136356354, 0.2975667715072632, -0.3255870044231415, 0.3171974718570709, 0.8907181620597839], "cam_t_m2c": [-1279.3037109375, -178.86087036132812, 8665.3349609375], "obj_id": 2}, {"cam_R_m2c": [0.10342048108577728, -0.359756201505661, -0.927297055721283, 0.3354703485965729, 0.8902845978736877, -0.30798211693763733, 0.9363567233085632, -0.27922898530960083, 0.21276117861270905], "cam_t_m2c": [29.19283103942871, -712.8700561523438, 7374.64208984375], "obj_id": 3}, {"cam_R_m2c": [0.0006529017700813711, 0.7943887114524841, 0.6074094772338867, 0.6685094833374023, 0.45138585567474365, -0.5910549163818359, -0.7437034249305725, 0.40644487738609314, -0.5307616591453552], "cam_t_m2c": [-1425.6363525390625, 517.6414184570312, 10847.9765625], "obj_id": 4}, {"cam_R_m2c": [0.9073908925056458, -0.19929969310760498, 0.37002891302108765, 0.4043228328227997, 0.17358556389808655, -0.8979928493499756, 0.11473801732063293, 0.9644416570663452, 0.238091379404068], "cam_t_m2c": [291.170654296875, -252.02732849121094, 10117.96484375], "obj_id": 5}, {"cam_R_m2c": [0.021682485938072205, 0.28634732961654663, 0.9578804969787598, -0.9961090087890625, -0.07567419111728668, 0.045169755816459656, 0.08542105555534363, -0.955132782459259, 0.2835923135280609], "cam_t_m2c": [1293.256591796875, -357.61480712890625, 8728.67578125], "obj_id": 6}],
  "8": [{"cam_R_m2c": [0.3499077260494232, -0.9338793754577637, -0.07371596992015839, -0.4485025405883789, -0.0979197695851326, -0.8884015679359436, 0.822441577911377, 0.34392043948173523, -0.4531101882457733], "cam_t_m2c": [-1187.967529296875, -772.04248046875, 12214.0478515625], "obj_id": 1}, {"cam_R_m2c": [0.00839841179549694, 0.05069250613451004, 0.9986791610717773, 0.9570159912109375, -0.289959192276001, 0.0066700042225420475, 0.2899141311645508, 0.9556957483291626, -0.050948917865753174], "cam_t_m2c": [-1639.25341796875, -6.8224897384643555, 10873.3525390625], "obj_id": 2}, {"cam_R_m2c": [0.9806594252586365, -0.08081545680761337, -0.17825822532176971, -0.0503864660859108, 0.7758312225341797, -0.6289253830909729, 0.189125195145607, 0.6257433891296387, 0.7567541599273682], "cam_t_m2c": [-2584.134521484375, 434.2164001464844, 9268.3916015625], "obj_id": 3}, {"cam_R_m2c": [-0.46275603771209717, 0.742750346660614, -0.48392030596733093, 0.8758457899093628, 0.46739330887794495, -0.12015687674283981, 0.1369345486164093, -0.47944286465644836, -0.8668238520622253], "cam_t_m2c": [505.4027404785156, -314.2123107910156, 11632.572265625], "obj_id": 4}, {"cam_R_m2c": [0.49811673164367676, 0.8659772872924805, 0.04430717974901199, 0.5763299465179443, -0.292466402053833, -0.7630906105041504, -0.6478607654571533, 0.4056437611579895, -0.6447710394859314], "cam_t_m2c": [114.01850891113281, -178.51473999023438, 9657.443359375], "obj_id": 5}, {"cam_R_m2c": [-0.22718103229999542, -0.8012824058532715, 0.5534756183624268, -0.8916147947311401, 0.39972054958343506, 0.21271230280399323, -0.39167821407318115, -0.4451628625392914, -0.8052442073822021], "cam_t_m2c": [-876.8790283203125, 581.8070068359375, 8480.376953125], "obj_id": 6}],
  "9": [{"cam_R_m2c": [-0.421241819858551, 0.9029126763343811, 0.08546421676874161, 0.1506602019071579, 0.1625877320766449, -0.9751240015029907, -0.8943472504615784, -0.39788687229156494, -0.2045218050479889], "cam_t_m2c": [1000.0498046875, 804.3904418945312, 7706.056640625], "obj_id": 1}, {"cam_R_m2c": [-0.006480780430138111, -0.12899963557720184, -0.9916235208511353, 0.9291619062423706, 0.3657588064670563, -0.05365380644798279, 0.36961641907691956, -0.9217264652252197, 0.11749108135700226], "cam_t_m2c": [1568.8267822265625, 582.240966796875, 9193.94921875], "obj_id": 2}, {"cam_R_m2c": [-0.9929820895195007, 0.05293580889701843, 0.10575750470161438, 0.05141834914684296, 0.9985320568084717, -0.017025839537382126, -0.10650353878736496, -0.011468474753201008, -0.9942463636398315], "cam_t_m2c": [2641.42626953125, -44.5211067199707, 10649.943359375], "obj_id": 3}, {"cam_R_m2c": [0.47263965010643005, -0.6931745409965515, 0.5441699028015137, 0.7833523750305176, 0.047596275806427, -0.6197528839111328, 0.4036964476108551, 0.7191965579986572, 0.5654957890510559], "cam_t_m2c": [-633.4238891601562, 755.1775512695312, 8568.939453125], "obj_id": 4}, {"cam_R_m2c": [-0.4340481162071228, -0.900767982006073, -0.014806834980845451, 0.03483671694993973, -0.0003585471131373197, -0.9993929862976074, 0.9002158641815186, -0.4343004524707794, 0.031535420566797256], "cam_t_m2c": [-92.48738861083984, -355.8054504394531, 10164.5078125], "obj_id": 5}, {"cam_R_m2c": [0.2337902933359146, 0.8418603539466858, -0.4864291250705719, -0.935269296169281, 0.05798826739192009, -0.34915438294410706, -0.2657320499420166, 0.5365710854530334, 0.8009231686592102], "cam_t_m2c": [1001.8984375, -465.3686828613281, 11481.9931640625], "obj_id": 6}]
}